---------- Vec File ----------
Version : 1.0
Scene : 
{
    SceneObjects : 
    [
        {
            SceneObject : SpacetimeVectorGraphicsComplex
            BackgroundColor : 1 1 1 1
            Cells : 
            [
                {
                    Type : InstantFace
                    ID : 1
                    Color : 1 0 0 1
                    Time : ExactFrame 0
                    Cycles : [ -1 [ (0,1) ] ]
                }
                {
                    Type : InstantEdge
                    ID : 0
                    Color : 0 0 0 1
                    Time : ExactFrame 0
                    LeftVertex : -1
                    RightVertex : -1
                    Geometry : 
                    {
                        Type : LinearSpline
                        NumVertices : 80
                        Vertices : [ (213.229,91.5252,10) (210.277,90.9877,10) (207.31,90.5788,10) (204.315,90.4021,10) (201.323,90.5162,10) (198.336,90.774,10) (195.403,91.4035,10) (192.509,92.1755,10) (189.671,93.148,10) (186.92,94.3377,10) (184.211,95.6233,10) (181.63,97.1513,10) (179.136,98.8097,10) (176.754,100.634,10) (174.585,102.699,10) (172.514,104.865,10) (170.724,107.273,10) (169.079,109.774,10) (167.609,112.389,10) (166.38,115.123,10) (165.255,117.902,10) (164.392,120.775,10) (163.674,123.683,10) (163.122,126.632,10) (162.825,129.615,10) (162.636,132.607,10) (162.723,135.605,10) (162.97,138.59,10) (163.398,141.56,10) (164.146,144.46,10) (165.041,147.318,10) (166.354,150.015,10) (167.92,152.555,10) (169.766,154.92,10) (171.992,156.914,10) (174.356,158.75,10) (176.999,160.17,10) (179.734,161.378,10) (182.569,162.361,10) (185.486,163.047,10) (188.428,163.619,10) (191.412,163.929,10) (194.404,164.098,10) (197.404,164.119,10) (200.394,163.901,10) (203.375,163.583,10) (206.319,163.006,10) (209.222,162.27,10) (212.083,161.367,10) (214.838,160.188,10) (217.542,158.896,10) (220.096,157.322,10) (222.541,155.593,10) (224.872,153.705,10) (226.99,151.586,10) (229.019,149.38,10) (230.809,146.973,10) (232.442,144.463,10) (233.915,141.85,10) (235.083,139.09,10) (236.117,136.279,10) (236.79,133.356,10) (237.23,130.398,10) (237.436,127.405,10) (237.252,124.416,10) (236.916,121.439,10) (236.213,118.523,10) (235.31,115.67,10) (234.207,112.879,10) (232.81,110.229,10) (231.301,107.639,10) (229.537,105.213,10) (227.637,102.898,10) (225.606,100.69,10) (223.383,98.6783,10) (221.092,96.7452,10) (218.658,94.9916,10) (216.16,93.3337,10) (213.609,91.755,10) (213.229,91.5252,10) ]
                    }
                }
            ]
        }
    ]
}