---------- Vec File ----------
Version : 1.0
Scene : 
{
    SceneObjects : 
    [
        {
            SceneObject : SpacetimeVectorGraphicsComplex
            BackgroundColor : 1 1 1 1
            Cells : 
            [
                {
                    Type : InstantFace
                    ID : 4
                    Color : 0 1 0 1
                    Time : ExactFrame 0
                    Cycles : [ -1 [ (2,1) ] ]
                }
                {
                    Type : InstantEdge
                    ID : 2
                    Color : 0 0 0 1
                    Time : ExactFrame 0
                    LeftVertex : 3
                    RightVertex : 3
                    Geometry : 
                    {
                        Type : LinearSpline
                        NumVertices : 80
                        Vertices : [ (124,83.5,10) (121.03,83.9263,10) (118.068,84.399,10) (115.115,84.928,10) (112.175,85.5234,10) (109.25,86.1931,10) (106.348,86.9524,10) (103.479,87.8289,10) (100.659,88.8524,10) (97.9052,90.0428,10) (95.2286,91.3979,10) (92.625,92.8882,10) (90.0878,94.489,10) (87.6133,96.1851,10) (85.2099,97.9806,10) (82.8904,99.8832,10) (80.6777,101.909,10) (78.6005,104.074,10) (76.6646,106.365,10) (74.8924,108.786,10) (73.2961,111.326,10) (71.8803,113.971,10) (70.6596,116.711,10) (69.6493,119.536,10) (68.8581,122.43,10) (68.3102,125.379,10) (68.0296,128.366,10) (68.0482,131.366,10) (68.3877,134.347,10) (69.0661,137.269,10) (70.0964,140.087,10) (71.4861,142.745,10) (73.2189,145.194,10) (75.2645,147.389,10) (77.5764,149.301,10) (80.0969,150.928,10) (82.7714,152.287,10) (85.556,153.403,10) (88.4183,154.301,10) (91.3359,155,10) (94.2924,155.509,10) (97.274,155.84,10) (100.27,156.002,10) (103.27,155.998,10) (106.265,155.829,10) (109.246,155.496,10) (112.203,154.992,10) (115.125,154.313,10) (117.999,153.453,10) (120.814,152.415,10) (123.557,151.201,10) (126.215,149.81,10) (128.77,148.238,10) (131.205,146.487,10) (133.502,144.558,10) (135.659,142.474,10) (137.673,140.251,10) (139.502,137.874,10) (141.125,135.352,10) (142.52,132.697,10) (143.67,129.928,10) (144.562,127.065,10) (145.191,124.132,10) (145.554,121.156,10) (145.656,118.159,10) (145.5,115.164,10) (145.087,112.194,10) (144.418,109.271,10) (143.493,106.418,10) (142.319,103.659,10) (140.907,101.014,10) (139.28,98.4948,10) (137.464,96.1077,10) (135.493,93.847,10) (133.399,91.6989,10) (131.215,89.6432,10) (128.966,87.6569,10) (126.678,85.7171,10) (124.368,83.8028,10) (124,83.5,10) ]
                    }
                }
                {
                    Type : InstantVertex
                    ID : 3
                    Color : 0 0 1 1
                    Time : ExactFrame 0
                    Pos : (124,83.5)
                    Size : 17
                    TangentEdges :  [ ]
                }
            ]
        }
    ]
}