---------- Vec File ----------
Version : 1.0
Scene : 
{
    SceneObjects : 
    [
        {
            SceneObject : SpacetimeVectorGraphicsComplex
            BackgroundColor : 1 1 1 1
            Cells : 
            [
                {
                    Type : InstantFace
                    ID : 2
                    Color : 1 0 0 1
                    Time : ExactFrame 0
                    Cycles : [ -1 [ (0,1) ] , -1 [ (1,1) ] ]
                }
                {
                    Type : InstantEdge
                    ID : 0
                    Color : 0 0 0 1
                    Time : ExactFrame 0
                    LeftVertex : -1
                    RightVertex : -1
                    Geometry : 
                    {
                        Type : LinearSpline
                        NumVertices : 173
                        Vertices : [ (261.898,140.911,10) (258.909,140.832,10) (255.917,140.859,10) (252.924,140.98,10) (249.934,141.184,10) (246.947,141.457,10) (243.965,141.791,10) (240.988,142.182,10) (238.018,142.622,10) (235.056,143.108,10) (232.101,143.639,10) (229.156,144.213,10) (226.22,144.832,10) (223.294,145.494,10) (220.378,146.201,10) (217.474,146.953,10) (214.583,147.753,10) (211.707,148.606,10) (208.847,149.513,10) (206.007,150.48,10) (203.19,151.512,10) (200.4,152.615,10) (197.641,153.792,10) (194.916,155.046,10) (192.229,156.38,10) (189.586,157.8,10) (186.992,159.307,10) (184.448,160.897,10) (181.959,162.572,10) (179.528,164.33,10) (177.159,166.171,10) (174.855,168.091,10) (172.614,170.086,10) (170.44,172.154,10) (168.335,174.291,10) (166.301,176.496,10) (164.34,178.767,10) (162.455,181.1,10) (160.648,183.495,10) (158.923,185.95,10) (157.285,188.463,10) (155.737,191.033,10) (154.287,193.659,10) (152.944,196.342,10) (151.721,199.081,10) (150.632,201.876,10) (149.695,204.726,10) (148.926,207.626,10) (148.349,210.57,10) (147.982,213.547,10) (147.842,216.544,10) (147.933,219.542,10) (148.248,222.526,10) (148.777,225.479,10) (149.516,228.386,10) (150.475,231.229,10) (151.67,233.98,10) (153.114,236.61,10) (154.801,239.091,10) (156.715,241.401,10) (158.827,243.531,10) (161.104,245.484,10) (163.512,247.274,10) (166.019,248.921,10) (168.602,250.447,10) (171.243,251.87,10) (173.93,253.205,10) (176.652,254.466,10) (179.402,255.663,10) (182.175,256.808,10) (184.967,257.906,10) (187.774,258.964,10) (190.596,259.985,10) (193.429,260.97,10) (196.274,261.921,10) (199.132,262.836,10) (202,263.713,10) (204.881,264.551,10) (207.773,265.347,10) (210.677,266.1,10) (213.593,266.807,10) (216.519,267.468,10) (219.456,268.081,10) (222.402,268.646,10) (225.357,269.163,10) (228.321,269.631,10) (231.291,270.052,10) (234.267,270.427,10) (237.249,270.758,10) (240.235,271.049,10) (243.224,271.302,10) (246.216,271.519,10) (249.211,271.705,10) (252.206,271.86,10) (255.204,271.986,10) (258.202,272.082,10) (261.202,272.145,10) (264.202,272.169,10) (267.201,272.15,10) (270.201,272.079,10) (273.198,271.951,10) (276.192,271.758,10) (279.18,271.494,10) (282.161,271.156,10) (285.132,270.742,10) (288.092,270.251,10) (291.038,269.683,10) (293.968,269.041,10) (296.881,268.323,10) (299.774,267.528,10) (302.643,266.652,10) (305.483,265.685,10) (308.287,264.618,10) (311.044,263.436,10) (313.739,262.118,10) (316.351,260.643,10) (318.855,258.991,10) (321.219,257.144,10) (323.413,255.098,10) (325.41,252.86,10) (327.199,250.451,10) (328.785,247.905,10) (330.192,245.255,10) (331.453,242.533,10) (332.604,239.763,10) (333.672,236.959,10) (334.672,234.131,10) (335.606,231.28,10) (336.465,228.406,10) (337.236,225.506,10) (337.902,222.581,10) (338.445,219.631,10) (338.853,216.659,10) (339.11,213.67,10) (339.206,210.671,10) (339.132,207.672,10) (338.878,204.683,10) (338.437,201.716,10) (337.793,198.786,10) (336.938,195.911,10) (335.872,193.106,10) (334.609,190.386,10) (333.163,187.758,10) (331.552,185.228,10) (329.793,182.799,10) (327.907,180.467,10) (325.916,178.225,10) (323.845,176.057,10) (321.715,173.948,10) (319.539,171.884,10) (317.33,169.856,10) (315.092,167.86,10) (312.825,165.896,10) (310.527,163.967,10) (308.196,162.077,10) (305.83,160.23,10) (303.427,158.431,10) (300.985,156.684,10) (298.502,154.995,10) (295.976,153.372,10) (293.407,151.818,10) (290.795,150.341,10) (288.141,148.945,10) (285.444,147.638,10) (282.705,146.427,10) (279.925,145.321,10) (277.105,144.327,10) (274.248,143.452,10) (271.359,142.692,10) (268.444,142.042,10) (265.508,141.487,10) (262.558,141.009,10) (261.898,140.911,10) ]
                    }
                }
                {
                    Type : InstantEdge
                    ID : 1
                    Color : 0 0 0 1
                    Time : ExactFrame 0
                    LeftVertex : -1
                    RightVertex : -1
                    Geometry : 
                    {
                        Type : LinearSpline
                        NumVertices : 39
                        Vertices : [ (263.193,177.988,10) (260.251,178.547,10) (257.302,179.07,10) (254.358,179.59,10) (251.44,180.216,10) (248.562,180.979,10) (245.739,181.906,10) (242.99,183.014,10) (240.342,184.327,10) (237.826,185.863,10) (235.476,187.63,10) (233.33,189.628,10) (231.453,191.866,10) (229.982,194.377,10) (229.153,197.153,10) (229.198,200.038,10) (230.19,202.744,10) (231.983,205.005,10) (234.32,206.708,10) (236.971,207.885,10) (239.787,208.613,10) (242.681,208.956,10) (245.603,208.943,10) (248.51,208.581,10) (251.359,207.875,10) (254.111,206.837,10) (256.734,205.492,10) (259.205,203.871,10) (261.502,202.005,10) (263.606,199.915,10) (265.478,197.61,10) (267.048,195.086,10) (268.201,192.347,10) (268.78,189.436,10) (268.63,186.477,10) (267.701,183.665,10) (266.116,181.153,10) (264.129,178.93,10) (263.193,177.988,10) ]
                    }
                }
            ]
        }
    ]
}