---------- Vec File ----------
Version : 1.0
Scene : 
{
    SceneObjects : 
    [
        {
            SceneObject : SpacetimeVectorGraphicsComplex
            BackgroundColor : 1 1 1 1
            Cells : 
            [
                {
                    Type : InstantEdge
                    ID : 28
                    Color : 0 0 0 1
                    Time : ExactFrame 0
                    LeftVertex : 25
                    RightVertex : 27
                    Geometry : 
                    {
                        Type : LinearSpline
                        NumVertices : 53
                        Vertices : [ (430,399,10) (430.074,402.018,10) (430.131,405.037,10) (430.16,408.057,10) (430.166,411.076,10) (430.155,414.095,10) (430.123,417.115,10) (430.08,420.134,10) (430.025,423.152,10) (429.964,426.171,10) (429.899,429.19,10) (429.836,432.209,10) (429.78,435.228,10) (429.736,438.247,10) (429.707,441.266,10) (429.698,444.285,10) (429.713,447.305,10) (429.755,450.324,10) (429.825,453.342,10) (429.923,456.36,10) (430.054,459.377,10) (430.22,462.391,10) (430.423,465.404,10) (430.663,468.414,10) (430.939,471.42,10) (431.251,474.423,10) (431.597,477.423,10) (431.978,480.418,10) (432.39,483.409,10) (432.832,486.395,10) (433.297,489.379,10) (433.782,492.358,10) (434.28,495.336,10) (434.787,498.312,10) (435.298,501.288,10) (435.808,504.264,10) (436.313,507.24,10) (436.811,510.218,10) (437.297,513.198,10) (437.77,516.18,10) (438.223,519.165,10) (438.654,522.153,10) (439.056,525.145,10) (439.426,528.142,10) (439.759,531.143,10) (440.054,534.147,10) (440.307,537.156,10) (440.517,540.168,10) (440.684,543.183,10) (440.809,546.2,10) (440.9,549.218,10) (440.967,552.236,10) (441,554,10) ]
                    }
                }
                {
                    Type : InstantEdge
                    ID : 4
                    Color : 0 0 0 1
                    Time : ExactFrame 0
                    LeftVertex : 0
                    RightVertex : 3
                    Geometry : 
                    {
                        Type : LinearSpline
                        NumVertices : 34
                        Vertices : [ (143,89,10) (145.07,91.1715,10) (147.115,93.3666,10) (149.149,95.5717,10) (151.217,97.7454,10) (153.342,99.8628,10) (155.529,101.916,10) (157.775,103.905,10) (160.068,105.84,10) (162.404,107.722,10) (164.77,109.567,10) (167.16,111.38,10) (169.571,113.164,10) (171.997,114.929,10) (174.436,116.677,10) (176.882,118.413,10) (179.335,120.14,10) (181.79,121.864,10) (184.247,123.586,10) (186.703,125.309,10) (189.156,127.036,10) (191.606,128.767,10) (194.053,130.503,10) (196.496,132.244,10) (198.937,133.988,10) (201.377,135.734,10) (203.815,137.481,10) (206.252,139.23,10) (208.687,140.983,10) (211.12,142.739,10) (213.551,144.497,10) (215.981,146.256,10) (218.412,148.013,10) (218.49,148.069,10) ]
                    }
                }
                {
                    Type : InstantVertex
                    ID : 0
                    Color : 0 0 1 1
                    Time : ExactFrame 0
                    Pos : (143,89)
                    Size : 17
                    TangentEdges :  [ ]
                }
                {
                    Type : InstantEdge
                    ID : 5
                    Color : 0 0 0 1
                    Time : ExactFrame 0
                    LeftVertex : 3
                    RightVertex : 1
                    Geometry : 
                    {
                        Type : LinearSpline
                        NumVertices : 33
                        Vertices : [ (218.49,148.069,10) (220.879,149.884,10) (223.266,151.702,10) (225.65,153.522,10) (228.035,155.342,10) (230.42,157.162,10) (232.802,158.986,10) (235.181,160.813,10) (237.558,162.644,10) (239.93,164.481,10) (242.297,166.325,10) (244.657,168.176,10) (247.01,170.037,10) (249.354,171.909,10) (251.691,173.79,10) (254.019,175.683,10) (256.337,177.587,10) (258.645,179.503,10) (260.944,181.431,10) (263.232,183.371,10) (265.507,185.327,10) (267.767,187.3,10) (270.01,189.292,10) (272.236,191.304,10) (274.442,193.336,10) (276.628,195.391,10) (278.793,197.468,10) (280.936,199.567,10) (283.053,201.692,10) (285.149,203.839,10) (287.225,206.005,10) (289.272,208.198,10) (290,209,10) ]
                    }
                }
                {
                    Type : InstantVertex
                    ID : 1
                    Color : 0 0 1 1
                    Time : ExactFrame 0
                    Pos : (290,209)
                    Size : 17
                    TangentEdges :  [ ]
                }
                {
                    Type : InstantEdge
                    ID : 8
                    Color : 0 0 0 1
                    Time : ExactFrame 0
                    LeftVertex : 6
                    RightVertex : 3
                    Geometry : 
                    {
                        Type : LinearSpline
                        NumVertices : 36
                        Vertices : [ (282,67,10) (280.28,69.4579,10) (278.553,71.9108,10) (276.817,74.358,10) (275.074,76.7991,10) (273.32,79.2334,10) (271.557,81.6602,10) (269.783,84.0796,10) (268.002,86.4937,10) (266.214,88.9027,10) (264.417,91.3049,10) (262.607,93.6978,10) (260.784,96.08,10) (258.945,98.4507,10) (257.095,100.813,10) (255.235,103.166,10) (253.362,105.509,10) (251.477,107.843,10) (249.581,110.168,10) (247.679,112.488,10) (245.771,114.803,10) (243.86,117.116,10) (241.947,119.427,10) (240.033,121.737,10) (238.119,124.047,10) (236.206,126.358,10) (234.296,128.672,10) (232.389,130.987,10) (230.485,133.306,10) (228.584,135.627,10) (226.686,137.95,10) (224.792,140.276,10) (222.901,142.605,10) (221.015,144.938,10) (219.132,147.274,10) (218.49,148.069,10) ]
                    }
                }
                {
                    Type : InstantEdge
                    ID : 9
                    Color : 0 0 0 1
                    Time : ExactFrame 0
                    LeftVertex : 3
                    RightVertex : 7
                    Geometry : 
                    {
                        Type : LinearSpline
                        NumVertices : 32
                        Vertices : [ (218.49,148.069,10) (216.645,150.434,10) (214.797,152.798,10) (212.947,155.16,10) (211.096,157.52,10) (209.242,159.879,10) (207.387,162.237,10) (205.531,164.594,10) (203.672,166.948,10) (201.81,169.301,10) (199.95,171.654,10) (198.095,174.012,10) (196.249,176.377,10) (194.426,178.76,10) (192.623,181.158,10) (190.845,183.574,10) (189.083,186.002,10) (187.34,188.443,10) (185.608,190.893,10) (183.881,193.346,10) (182.155,195.8,10) (180.417,198.245,10) (178.646,200.667,10) (176.813,203.041,10) (174.883,205.338,10) (172.821,207.517,10) (170.628,209.564,10) (168.334,211.497,10) (165.996,213.377,10) (163.624,215.214,10) (161.25,217.048,10) (160,218,10) ]
                    }
                }
                {
                    Type : InstantVertex
                    ID : 3
                    Color : 0 0 1 1
                    Time : ExactFrame 0
                    Pos : (218.49,148.069)
                    Size : 17
                    TangentEdges :  [ ]
                }
                {
                    Type : InstantVertex
                    ID : 6
                    Color : 0 0 1 1
                    Time : ExactFrame 0
                    Pos : (282,67)
                    Size : 17
                    TangentEdges :  [ ]
                }
                {
                    Type : InstantVertex
                    ID : 7
                    Color : 0 0 1 1
                    Time : ExactFrame 0
                    Pos : (160,218)
                    Size : 17
                    TangentEdges :  [ ]
                }
                {
                    Type : InstantFace
                    ID : 36
                    Color : 0 0.666667 0 1
                    Time : ExactFrame 0
                    Cycles : [ -1 [ (13,0) , (12,1) ] ]
                }
                {
                    Type : InstantEdge
                    ID : 12
                    Color : 0 0 0 1
                    Time : ExactFrame 0
                    LeftVertex : 10
                    RightVertex : 11
                    Geometry : 
                    {
                        Type : LinearSpline
                        NumVertices : 75
                        Vertices : [ (202,296,10) (201.593,298.972,10) (201.179,301.944,10) (200.763,304.915,10) (200.352,307.886,10) (199.941,310.858,10) (199.516,313.828,10) (199.056,316.792,10) (198.519,319.744,10) (197.848,322.668,10) (197.001,325.545,10) (195.98,328.366,10) (194.836,331.139,10) (193.6,333.873,10) (192.311,336.582,10) (191.013,339.287,10) (189.741,342.004,10) (188.437,344.705,10) (187.07,347.375,10) (185.625,350.005,10) (184.132,352.607,10) (182.62,355.198,10) (181.131,357.802,10) (179.689,360.433,10) (178.312,363.098,10) (177.002,365.797,10) (175.761,368.529,10) (174.589,371.29,10) (173.492,374.082,10) (172.486,376.909,10) (171.596,379.774,10) (170.846,382.678,10) (170.252,385.619,10) (169.826,388.588,10) (169.572,391.577,10) (169.494,394.576,10) (169.597,397.574,10) (169.888,400.56,10) (170.368,403.521,10) (171.043,406.445,10) (171.92,409.313,10) (173.012,412.108,10) (174.321,414.807,10) (175.844,417.391,10) (177.562,419.85,10) (179.445,422.186,10) (181.442,424.425,10) (183.494,426.613,10) (185.545,428.802,10) (187.553,431.031,10) (189.49,433.322,10) (191.349,435.677,10) (193.139,438.084,10) (194.871,440.534,10) (196.551,443.019,10) (198.176,445.541,10) (199.726,448.109,10) (201.178,450.735,10) (202.507,453.424,10) (203.689,456.181,10) (204.693,459.008,10) (205.53,461.889,10) (206.223,464.808,10) (206.8,467.752,10) (207.283,470.713,10) (207.687,473.685,10) (208.015,476.667,10) (208.27,479.657,10) (208.466,482.65,10) (208.618,485.646,10) (208.741,488.644,10) (208.845,491.642,10) (208.922,494.641,10) (208.979,497.64,10) (209,499,10) ]
                    }
                }
                {
                    Type : InstantEdge
                    ID : 13
                    Color : 0 0 0 1
                    Time : ExactFrame 0
                    LeftVertex : 10
                    RightVertex : 11
                    Geometry : 
                    {
                        Type : LinearSpline
                        NumVertices : 83
                        Vertices : [ (202,296,10) (203.321,298.694,10) (204.665,301.375,10) (206.005,304.06,10) (207.343,306.745,10) (208.698,309.421,10) (210.091,312.078,10) (211.543,314.703,10) (213.075,317.283,10) (214.688,319.812,10) (216.36,322.303,10) (218.054,324.779,10) (219.744,327.257,10) (221.423,329.743,10) (223.105,332.228,10) (224.804,334.7,10) (226.536,337.15,10) (228.292,339.582,10) (230.05,342.013,10) (231.803,344.447,10) (233.551,346.886,10) (235.291,349.329,10) (237.033,351.772,10) (238.786,354.206,10) (240.557,356.628,10) (242.346,359.036,10) (244.145,361.437,10) (245.939,363.842,10) (247.711,366.262,10) (249.442,368.713,10) (251.122,371.198,10) (252.749,373.719,10) (254.328,376.269,10) (255.868,378.844,10) (257.371,381.44,10) (258.838,384.057,10) (260.264,386.696,10) (261.638,389.363,10) (262.943,392.065,10) (264.162,394.806,10) (265.271,397.593,10) (266.244,400.431,10) (267.064,403.317,10) (267.716,406.245,10) (268.195,409.207,10) (268.504,412.191,10) (268.644,415.187,10) (268.606,418.187,10) (268.372,421.178,10) (267.901,424.141,10) (267.143,427.043,10) (266.05,429.837,10) (264.606,432.467,10) (262.842,434.893,10) (260.826,437.115,10) (258.632,439.16,10) (256.319,441.072,10) (253.932,442.888,10) (251.5,444.645,10) (249.052,446.379,10) (246.613,448.127,10) (244.207,449.918,10) (241.85,451.774,10) (239.553,453.704,10) (237.32,455.707,10) (235.148,457.777,10) (233.035,459.906,10) (230.979,462.09,10) (228.984,464.332,10) (227.061,466.634,10) (225.22,469.003,10) (223.473,471.441,10) (221.825,473.948,10) (220.271,476.514,10) (218.799,479.128,10) (217.391,481.778,10) (216.029,484.451,10) (214.697,487.139,10) (213.385,489.837,10) (212.085,492.54,10) (210.791,495.247,10) (209.499,497.954,10) (209,499,10) ]
                    }
                }
                {
                    Type : InstantVertex
                    ID : 10
                    Color : 0 0 1 1
                    Time : ExactFrame 0
                    Pos : (202,296)
                    Size : 17
                    TangentEdges :  [ ]
                }
                {
                    Type : InstantVertex
                    ID : 11
                    Color : 0 0 1 1
                    Time : ExactFrame 0
                    Pos : (209,499)
                    Size : 17
                    TangentEdges :  [ ]
                }
                {
                    Type : InstantFace
                    ID : 15
                    Color : 1 0.666667 0.498039 1
                    Time : ExactFrame 0
                    Cycles : [ -1 [ (14,1) ] ]
                }
                {
                    Type : InstantEdge
                    ID : 14
                    Color : 0 0 0 1
                    Time : ExactFrame 0
                    LeftVertex : -1
                    RightVertex : -1
                    Geometry : 
                    {
                        Type : LinearSpline
                        NumVertices : 132
                        Vertices : [ (451.726,208.418,10) (448.76,208.867,10) (445.786,209.255,10) (442.798,209.52,10) (439.803,209.677,10) (436.805,209.779,10) (433.805,209.729,10) (430.808,209.629,10) (427.814,209.432,10) (424.83,209.134,10) (421.85,208.786,10) (418.893,208.279,10) (415.948,207.715,10) (413.026,207.036,10) (410.138,206.23,10) (407.266,205.36,10) (404.472,204.269,10) (401.714,203.095,10) (399.029,201.756,10) (396.434,200.257,10) (393.884,198.677,10) (391.477,196.887,10) (389.113,195.042,10) (386.838,193.087,10) (384.657,191.029,10) (382.525,188.919,10) (380.531,186.677,10) (378.59,184.391,10) (376.757,182.017,10) (375.047,179.554,10) (373.399,177.047,10) (371.96,174.415,10) (370.597,171.745,10) (369.388,169,10) (368.342,166.19,10) (367.379,163.349,10) (366.672,160.434,10) (366.053,157.501,10) (365.608,154.534,10) (365.338,151.549,10) (365.157,148.555,10) (365.237,145.556,10) (365.404,142.563,10) (365.743,139.582,10) (366.251,136.628,10) (366.844,133.687,10) (367.688,130.808,10) (368.614,127.957,10) (369.703,125.162,10) (370.952,122.437,10) (372.282,119.748,10) (373.842,117.185,10) (375.474,114.671,10) (377.251,112.254,10) (379.162,109.945,10) (381.14,107.689,10) (383.304,105.612,10) (385.524,103.598,10) (387.857,101.711,10) (390.287,99.9562,10) (392.767,98.2681,10) (395.374,96.7834,10) (398.017,95.3674,10) (400.731,94.0888,10) (403.502,92.9452,10) (406.302,91.8691,10) (409.168,90.9812,10) (412.05,90.1519,10) (414.964,89.4399,10) (417.903,88.8448,10) (420.855,88.3082,10) (423.835,87.966,10) (426.822,87.6981,10) (429.819,87.5788,10) (432.817,87.6247,10) (435.814,87.7533,10) (438.787,88.1518,10) (441.743,88.6446,10) (444.665,89.326,10) (447.533,90.1938,10) (450.375,91.1548,10) (453.114,92.3803,10) (455.81,93.6882,10) (458.424,95.1609,10) (460.943,96.7856,10) (463.414,98.4863,10) (465.732,100.391,10) (467.997,102.355,10) (470.154,104.44,10) (472.202,106.629,10) (474.195,108.871,10) (476.022,111.251,10) (477.793,113.671,10) (479.452,116.17,10) (481,118.739,10) (482.491,121.342,10) (483.814,124.034,10) (485.08,126.752,10) (486.233,129.522,10) (487.269,132.336,10) (488.246,135.172,10) (489.048,138.063,10) (489.786,140.97,10) (490.405,143.905,10) (490.894,146.864,10) (491.318,149.833,10) (491.548,152.825,10) (491.698,155.819,10) (491.708,158.819,10) (491.561,161.814,10) (491.337,164.805,10) (490.886,167.771,10) (490.337,170.717,10) (489.627,173.632,10) (488.722,176.489,10) (487.724,179.318,10) (486.453,182.035,10) (485.07,184.693,10) (483.509,187.254,10) (481.742,189.674,10) (479.88,192.024,10) (477.771,194.158,10) (475.571,196.191,10) (473.236,198.075,10) (470.767,199.773,10) (468.24,201.389,10) (465.588,202.79,10) (462.895,204.108,10) (460.146,205.309,10) (457.352,206.4,10) (454.541,207.447,10) (451.726,208.418,10) ]
                    }
                }
                {
                    Type : InstantFace
                    ID : 29
                    Color : 0.333333 0 1 1
                    Time : ExactFrame 0
                    Cycles : [ -1 [ (23,0) , (22,0) , (18,1) , (20,1) ] ]
                }
                {
                    Type : InstantEdge
                    ID : 18
                    Color : 0 0 0 1
                    Time : ExactFrame 0
                    LeftVertex : 16
                    RightVertex : 17
                    Geometry : 
                    {
                        Type : LinearSpline
                        NumVertices : 37
                        Vertices : [ (370,338,10) (369.755,340.99,10) (369.517,343.981,10) (369.295,346.972,10) (369.065,349.963,10) (368.83,352.954,10) (368.604,355.946,10) (368.379,358.937,10) (368.157,361.929,10) (367.935,364.921,10) (367.713,367.913,10) (367.487,370.904,10) (367.255,373.895,10) (367.011,376.885,10) (366.753,379.874,10) (366.487,382.862,10) (366.196,385.848,10) (365.894,388.833,10) (365.57,391.815,10) (365.221,394.795,10) (364.861,397.773,10) (364.448,400.745,10) (364.012,403.713,10) (363.532,406.674,10) (363.008,409.628,10) (362.462,412.578,10) (361.86,415.517,10) (361.261,418.456,10) (360.665,421.397,10) (360.116,424.346,10) (359.592,427.3,10) (359.129,430.264,10) (358.701,433.233,10) (358.342,436.212,10) (358.096,439.202,10) (357.906,442.196,10) (358,445,10) ]
                    }
                }
                {
                    Type : InstantEdge
                    ID : 22
                    Color : 0 0 0 1
                    Time : ExactFrame 0
                    LeftVertex : 16
                    RightVertex : 21
                    Geometry : 
                    {
                        Type : LinearSpline
                        NumVertices : 49
                        Vertices : [ (370,338,10) (372.991,337.772,10) (375.984,337.57,10) (378.981,337.417,10) (381.979,337.326,10) (384.979,337.267,10) (387.978,337.287,10) (390.978,337.327,10) (393.977,337.395,10) (396.976,337.476,10) (399.975,337.565,10) (402.974,337.657,10) (405.972,337.745,10) (408.971,337.828,10) (411.97,337.902,10) (414.969,337.971,10) (417.969,338.032,10) (420.968,338.09,10) (423.968,338.147,10) (426.967,338.207,10) (429.966,338.268,10) (432.966,338.331,10) (435.965,338.394,10) (438.965,338.457,10) (441.964,338.521,10) (444.963,338.584,10) (447.962,338.647,10) (450.962,338.711,10) (453.961,338.774,10) (456.96,338.838,10) (459.96,338.901,10) (462.959,338.964,10) (465.958,339.028,10) (468.958,339.091,10) (471.957,339.154,10) (474.956,339.218,10) (477.956,339.281,10) (480.955,339.344,10) (483.954,339.408,10) (486.954,339.471,10) (489.953,339.534,10) (492.952,339.598,10) (495.952,339.661,10) (498.951,339.724,10) (501.95,339.788,10) (504.95,339.851,10) (507.949,339.914,10) (510.948,339.978,10) (512,340,10) ]
                    }
                }
                {
                    Type : InstantVertex
                    ID : 16
                    Color : 0 0 1 1
                    Time : ExactFrame 0
                    Pos : (370,338)
                    Size : 17
                    TangentEdges :  [ ]
                }
                {
                    Type : InstantEdge
                    ID : 20
                    Color : 0 0 0 1
                    Time : ExactFrame 0
                    LeftVertex : 17
                    RightVertex : 19
                    Geometry : 
                    {
                        Type : LinearSpline
                        NumVertices : 52
                        Vertices : [ (358,445,10) (361,445,10) (364,445,10) (367,445,10) (370,445,10) (373,445,10) (376,445,10) (379,445,10) (382,445,10) (385,445,10) (388,445,10) (391,445,10) (394,445,10) (397,445,10) (400,445,10) (403,445,10) (406,445,10) (409,445,10) (412,445,10) (415,445,10) (418,445,10) (421,445,10) (424,445,10) (427,445,10) (430,445,10) (433,445,10) (436,445,10) (439,445,10) (442,445,10) (445,445,10) (448,445,10) (451,445,10) (454,445,10) (457,445,10) (460,445,10) (463,445,10) (466,445,10) (469,445,10) (472,445,10) (475,445,10) (478,445,10) (481,445,10) (484,445,10) (487,445,10) (490,445,10) (493,445,10) (496,445,10) (499,445,10) (502,445,10) (505,445,10) (508,445,10) (509,445,10) ]
                    }
                }
                {
                    Type : InstantVertex
                    ID : 17
                    Color : 0 0 1 1
                    Time : ExactFrame 0
                    Pos : (358,445)
                    Size : 17
                    TangentEdges :  [ ]
                }
                {
                    Type : InstantEdge
                    ID : 23
                    Color : 0 0 0 1
                    Time : ExactFrame 0
                    LeftVertex : 21
                    RightVertex : 19
                    Geometry : 
                    {
                        Type : LinearSpline
                        NumVertices : 37
                        Vertices : [ (512,340,10) (511.782,342.992,10) (511.546,345.983,10) (511.277,348.971,10) (510.989,351.957,10) (510.687,354.942,10) (510.366,357.924,10) (510.04,360.907,10) (509.707,363.888,10) (509.37,366.869,10) (509.035,369.85,10) (508.705,372.832,10) (508.387,375.815,10) (508.085,378.8,10) (507.795,381.786,10) (507.523,384.773,10) (507.264,387.762,10) (507.016,390.752,10) (506.783,393.743,10) (506.558,396.734,10) (506.363,399.728,10) (506.187,402.723,10) (506.042,405.719,10) (505.933,408.717,10) (505.846,411.716,10) (505.828,414.716,10) (505.844,417.716,10) (505.917,420.715,10) (506.032,423.713,10) (506.189,426.708,10) (506.42,429.699,10) (506.706,432.686,10) (507.112,435.657,10) (507.651,438.608,10) (508.274,441.542,10) (508.894,444.477,10) (509,445,10) ]
                    }
                }
                {
                    Type : InstantVertex
                    ID : 19
                    Color : 0 0 1 1
                    Time : ExactFrame 0
                    Pos : (509,445)
                    Size : 17
                    TangentEdges :  [ ]
                }
                {
                    Type : InstantVertex
                    ID : 21
                    Color : 0 0 1 1
                    Time : ExactFrame 0
                    Pos : (512,340)
                    Size : 17
                    TangentEdges :  [ ]
                }
                {
                    Type : InstantEdge
                    ID : 26
                    Color : 0 0 0 1
                    Time : ExactFrame 0
                    LeftVertex : 24
                    RightVertex : 25
                    Geometry : 
                    {
                        Type : LinearSpline
                        NumVertices : 43
                        Vertices : [ (432,275,10) (431.562,277.944,10) (431.165,280.893,10) (430.834,283.851,10) (430.558,286.815,10) (430.329,289.782,10) (430.166,292.753,10) (430.043,295.727,10) (429.959,298.702,10) (429.906,301.677,10) (429.879,304.653,10) (429.873,307.629,10) (429.882,310.605,10) (429.9,313.581,10) (429.922,316.557,10) (429.945,319.533,10) (429.966,322.509,10) (429.984,325.485,10) (429.998,328.461,10) (430.008,331.437,10) (430.014,334.413,10) (430.017,337.389,10) (430.017,340.365,10) (430.015,343.341,10) (430.011,346.317,10) (430.007,349.293,10) (430.004,352.269,10) (430.002,355.245,10) (430.002,358.221,10) (430.001,361.197,10) (430.001,364.173,10) (430.001,367.149,10) (430.001,370.125,10) (430.001,373.101,10) (430.001,376.077,10) (430.001,379.053,10) (430.001,382.029,10) (430.001,385.005,10) (430,387.981,10) (430,390.957,10) (430,393.933,10) (430,396.909,10) (430,399,10) ]
                    }
                }
                {
                    Type : InstantVertex
                    ID : 24
                    Color : 0 0 1 1
                    Time : ExactFrame 0
                    Pos : (432,275)
                    Size : 17
                    TangentEdges :  [ ]
                }
                {
                    Type : InstantVertex
                    ID : 25
                    Color : 0 0 1 1
                    Time : ExactFrame 0
                    Pos : (430,399)
                    Size : 17
                    TangentEdges :  [ ]
                }
                {
                    Type : InstantVertex
                    ID : 27
                    Color : 0 0 1 1
                    Time : ExactFrame 0
                    Pos : (441,554)
                    Size : 17
                    TangentEdges :  [ ]
                }
                {
                    Type : InstantFace
                    ID : 35
                    Color : 1 1 0 1
                    Time : ExactFrame 0
                    Cycles : [ -1 [ (33,1) ] ]
                }
                {
                    Type : InstantEdge
                    ID : 33
                    Color : 0 0 0 1
                    Time : ExactFrame 0
                    LeftVertex : 34
                    RightVertex : 34
                    Geometry : 
                    {
                        Type : LinearSpline
                        NumVertices : 64
                        Vertices : [ (318,246,10) (316.211,248.408,10) (314.438,250.828,10) (312.69,253.267,10) (310.974,255.727,10) (309.297,258.215,10) (307.667,260.733,10) (306.086,263.283,10) (304.56,265.866,10) (303.101,268.487,10) (301.739,271.16,10) (300.505,273.895,10) (299.425,276.693,10) (298.505,279.549,10) (297.749,282.452,10) (297.17,285.396,10) (296.785,288.371,10) (296.608,291.366,10) (296.649,294.365,10) (296.943,297.351,10) (297.573,300.284,10) (298.627,303.093,10) (300.169,305.666,10) (302.177,307.894,10) (304.563,309.712,10) (307.213,311.116,10) (310.028,312.154,10) (312.939,312.879,10) (315.904,313.337,10) (318.895,313.557,10) (321.895,313.552,10) (324.885,313.313,10) (327.844,312.824,10) (330.745,312.061,10) (333.545,310.989,10) (336.193,309.581,10) (338.642,307.851,10) (340.859,305.833,10) (342.836,303.579,10) (344.577,301.137,10) (346.095,298.55,10) (347.39,295.846,10) (348.431,293.034,10) (349.208,290.138,10) (349.709,287.183,10) (349.925,284.192,10) (349.851,281.195,10) (349.489,278.219,10) (348.85,275.291,10) (347.95,272.431,10) (346.813,269.656,10) (345.463,266.978,10) (343.922,264.406,10) (342.204,261.948,10) (340.317,259.618,10) (338.261,257.435,10) (336.04,255.422,10) (333.66,253.597,10) (331.144,251.967,10) (328.518,250.518,10) (325.814,249.219,10) (323.062,248.026,10) (320.282,246.899,10) (318,246,10) ]
                    }
                }
                {
                    Type : InstantVertex
                    ID : 34
                    Color : 0 0 1 1
                    Time : ExactFrame 0
                    Pos : (318,246)
                    Size : 17
                    TangentEdges :  [ ]
                }
            ]
        }
    ]
}