---------- Vec File ----------
Version : 1.0
Scene : 
{
    SceneObjects : 
    [
        {
            SceneObject : SpacetimeVectorGraphicsComplex
            BackgroundColor : 1 1 1 1
            Cells : 
            [
                {
                    Type : InstantFace
                    ID : 4
                    Color : 0 0 1 1
                    Time : ExactFrame 0
                    Cycles : [ -1 [ (3,0) , (2,1) ] ]
                }
                {
                    Type : InstantEdge
                    ID : 2
                    Color : 0 0 0 1
                    Time : ExactFrame 0
                    LeftVertex : 0
                    RightVertex : 1
                    Geometry : 
                    {
                        Type : LinearSpline
                        NumVertices : 51
                        Vertices : [ (94,61,10) (92.4442,63.565,10) (90.8912,66.1318,10) (89.3412,68.7004,10) (87.795,71.2712,10) (86.2531,73.8446,10) (84.7167,76.4213,10) (83.1871,79.0021,10) (81.6671,81.5886,10) (80.1663,84.1861,10) (78.7057,86.8066,10) (77.299,89.4564,10) (75.9405,92.1311,10) (74.6131,94.8215,10) (73.3091,97.5232,10) (72.0366,100.24,10) (70.8013,102.974,10) (69.6124,105.728,10) (68.4866,108.509,10) (67.4349,111.319,10) (66.473,114.16,10) (65.6166,117.035,10) (64.8705,119.941,10) (64.2491,122.876,10) (63.7586,125.836,10) (63.4035,128.815,10) (63.1581,131.805,10) (63.0568,134.803,10) (63.1049,137.802,10) (63.2934,140.797,10) (63.6383,143.777,10) (64.1421,146.734,10) (64.7959,149.662,10) (65.612,152.549,10) (66.5821,155.388,10) (67.6998,158.172,10) (68.9481,160.9,10) (70.3086,163.573,10) (71.7819,166.186,10) (73.3661,168.734,10) (75.076,171.199,10) (76.9098,173.573,10) (78.8498,175.861,10) (80.8676,178.081,10) (82.9332,180.257,10) (85.0234,182.409,10) (87.1209,184.554,10) (89.206,186.71,10) (91.2618,188.895,10) (93.289,191.107,10) (95,193,10) ]
                    }
                }
                {
                    Type : InstantEdge
                    ID : 3
                    Color : 0 0 0 1
                    Time : ExactFrame 0
                    LeftVertex : 0
                    RightVertex : 1
                    Geometry : 
                    {
                        Type : LinearSpline
                        NumVertices : 55
                        Vertices : [ (94,61,10) (96.5903,62.5133,10) (99.1805,64.0269,10) (101.771,65.5395,10) (104.348,67.0752,10) (106.889,68.6714,10) (109.361,70.3706,10) (111.735,72.2045,10) (113.997,74.1756,10) (116.144,76.2707,10) (118.188,78.4668,10) (120.129,80.7536,10) (121.952,83.1366,10) (123.581,85.6556,10) (125.003,88.2974,10) (126.241,91.03,10) (127.337,93.8225,10) (128.32,96.6569,10) (129.197,99.526,10) (129.967,102.425,10) (130.636,105.35,10) (131.204,108.296,10) (131.671,111.259,10) (132.038,114.237,10) (132.309,117.224,10) (132.478,120.219,10) (132.55,123.219,10) (132.528,126.218,10) (132.412,129.216,10) (132.206,132.209,10) (131.906,135.194,10) (131.503,138.167,10) (131.001,141.125,10) (130.397,144.063,10) (129.698,146.981,10) (128.918,149.877,10) (128.037,152.745,10) (127.041,155.575,10) (125.934,158.363,10) (124.71,161.102,10) (123.376,163.789,10) (121.926,166.415,10) (120.377,168.984,10) (118.74,171.498,10) (117.011,173.949,10) (115.173,176.321,10) (113.213,178.592,10) (111.129,180.749,10) (108.931,182.791,10) (106.639,184.726,10) (104.272,186.569,10) (101.848,188.337,10) (99.3863,190.051,10) (96.9013,191.732,10) (95,193,10) ]
                    }
                }
                {
                    Type : InstantVertex
                    ID : 0
                    Color : 0 0 1 1
                    Time : ExactFrame 0
                    Pos : (94,61)
                    Size : 17
                    TangentEdges :  [ ]
                }
                {
                    Type : InstantVertex
                    ID : 1
                    Color : 0 0 1 1
                    Time : ExactFrame 0
                    Pos : (95,193)
                    Size : 17
                    TangentEdges :  [ ]
                }
            ]
        }
    ]
}