---------- Vec File ----------
Version : 1.0
Scene : 
{
    SceneObjects : 
    [
        {
            SceneObject : SpacetimeVectorGraphicsComplex
            BackgroundColor : 1 1 1 1
            Cells : 
            [
                {
                    Type : InstantFace
                    ID : 12
                    Color : 0.560784 0.470588 1 1
                    Time : ExactFrame 0
                    Cycles : [ -1 [ (2,1) , (3,0) ] , -1 [ (10,0) , (11,1) ] , -1 [ (7,1) , (6,0) ] , -1 [ (13,1) ] ]
                }
                {
                    Type : InstantEdge
                    ID : 2
                    Color : 0 0 0 1
                    Time : ExactFrame 0
                    LeftVertex : 0
                    RightVertex : 1
                    Geometry : 
                    {
                        Type : LinearSpline
                        NumVertices : 354
                        Vertices : [ (172,191,10) (172.583,193.943,10) (173.146,196.89,10) (173.668,199.844,10) (174.136,202.807,10) (174.576,205.775,10) (174.941,208.752,10) (175.289,211.732,10) (175.603,214.716,10) (175.892,217.702,10) (176.169,220.689,10) (176.42,223.678,10) (176.668,226.668,10) (176.91,229.658,10) (177.149,232.649,10) (177.386,235.639,10) (177.614,238.631,10) (177.84,241.622,10) (178.064,244.614,10) (178.297,247.605,10) (178.535,250.595,10) (178.738,253.588,10) (178.937,256.582,10) (179.128,259.576,10) (179.316,262.57,10) (179.503,265.564,10) (179.693,268.558,10) (179.877,271.552,10) (180.052,274.547,10) (180.224,277.542,10) (180.395,280.537,10) (180.562,283.533,10) (180.73,286.528,10) (180.895,289.523,10) (181.059,292.519,10) (181.223,295.514,10) (181.386,298.51,10) (181.546,301.506,10) (181.697,304.502,10) (181.846,307.498,10) (181.993,310.495,10) (182.133,313.491,10) (182.272,316.488,10) (182.406,319.485,10) (182.54,322.482,10) (182.674,325.479,10) (182.794,328.477,10) (182.912,331.474,10) (183.024,334.472,10) (183.129,337.471,10) (183.231,340.469,10) (183.316,343.468,10) (183.399,346.466,10) (183.476,349.465,10) (183.547,352.465,10) (183.615,355.464,10) (183.677,358.463,10) (183.738,361.463,10) (183.797,364.462,10) (183.852,367.461,10) (183.906,370.461,10) (183.952,373.461,10) (183.996,376.46,10) (184.037,379.46,10) (184.074,382.46,10) (184.109,385.46,10) (184.143,388.459,10) (184.177,391.459,10) (184.212,394.459,10) (184.249,397.459,10) (184.288,400.459,10) (184.351,403.458,10) (184.423,406.457,10) (184.513,409.456,10) (184.62,412.454,10) (184.737,415.451,10) (184.863,418.449,10) (184.997,421.446,10) (185.146,424.442,10) (185.318,427.437,10) (185.501,430.432,10) (185.725,433.423,10) (185.91,436.418,10) (186.019,439.416,10) (186.036,442.416,10) (186.009,445.415,10) (186.013,448.415,10) (186.058,451.415,10) (186.186,454.412,10) (186.476,457.398,10) (186.848,460.375,10) (188.008,463.142,10) (189.625,465.669,10) (191.966,467.545,10) (194.717,468.743,10) (197.603,469.56,10) (200.597,469.753,10) (203.592,469.93,10) (206.588,470.08,10) (209.585,470.205,10) (212.583,470.326,10) (215.574,470.553,10) (218.57,470.719,10) (221.569,470.775,10) (224.569,470.826,10) (227.568,470.881,10) (230.563,471.051,10) (233.561,471.172,10) (236.561,471.205,10) (239.561,471.226,10) (242.561,471.241,10) (245.561,471.247,10) (248.561,471.253,10) (251.561,471.261,10) (254.56,471.325,10) (257.559,471.41,10) (260.559,471.414,10) (263.559,471.417,10) (266.559,471.417,10) (269.559,471.416,10) (272.559,471.414,10) (275.559,471.412,10) (278.559,471.412,10) (281.559,471.413,10) (284.559,471.427,10) (287.559,471.451,10) (290.557,471.538,10) (293.557,471.596,10) (296.557,471.603,10) (299.557,471.61,10) (302.557,471.618,10) (305.557,471.627,10) (308.557,471.637,10) (311.557,471.648,10) (314.557,471.661,10) (317.557,471.674,10) (320.557,471.689,10) (323.557,471.705,10) (326.557,471.722,10) (329.557,471.74,10) (332.556,471.759,10) (335.556,471.79,10) (338.556,471.819,10) (341.556,471.842,10) (344.556,471.854,10) (347.556,471.861,10) (350.556,471.867,10) (353.556,471.874,10) (356.556,471.88,10) (359.556,471.887,10) (362.556,471.895,10) (365.556,471.915,10) (368.556,471.934,10) (371.556,471.952,10) (374.556,471.961,10) (377.556,471.965,10) (380.556,471.968,10) (383.556,471.97,10) (386.556,471.972,10) (389.556,471.973,10) (392.556,471.974,10) (395.556,471.974,10) (398.556,471.974,10) (401.556,471.973,10) (404.556,471.972,10) (407.556,471.97,10) (410.556,471.968,10) (413.556,471.966,10) (416.556,471.963,10) (419.556,471.96,10) (422.556,471.956,10) (425.556,471.953,10) (428.556,471.951,10) (431.556,471.954,10) (434.556,471.952,10) (437.556,471.948,10) (440.556,471.941,10) (443.556,471.935,10) (446.556,471.928,10) (449.556,471.921,10) (452.556,471.913,10) (455.556,471.906,10) (458.556,471.898,10) (461.556,471.89,10) (464.556,471.882,10) (467.556,471.874,10) (470.556,471.866,10) (473.556,471.857,10) (476.556,471.849,10) (479.556,471.84,10) (482.556,471.831,10) (485.556,471.822,10) (488.556,471.813,10) (491.556,471.804,10) (494.556,471.794,10) (497.556,471.785,10) (500.556,471.775,10) (503.556,471.766,10) (506.556,471.758,10) (509.556,471.75,10) (512.556,471.741,10) (515.556,471.732,10) (518.555,471.724,10) (521.555,471.717,10) (524.555,471.711,10) (527.555,471.705,10) (530.555,471.7,10) (533.555,471.696,10) (536.555,471.691,10) (539.555,471.689,10) (542.555,471.688,10) (545.555,471.695,10) (548.555,471.698,10) (551.555,471.695,10) (554.555,471.694,10) (557.555,471.693,10) (560.555,471.696,10) (563.555,471.699,10) (566.555,471.703,10) (569.555,471.707,10) (572.555,471.712,10) (575.555,471.716,10) (578.555,471.719,10) (581.555,471.72,10) (584.555,471.718,10) (587.555,471.714,10) (590.555,471.704,10) (593.555,471.692,10) (596.555,471.676,10) (599.555,471.653,10) (602.555,471.628,10) (605.555,471.594,10) (608.555,471.557,10) (611.554,471.513,10) (614.554,471.464,10) (617.554,471.41,10) (620.553,471.348,10) (623.552,471.282,10) (626.551,471.211,10) (629.55,471.134,10) (632.549,471.053,10) (635.548,470.965,10) (638.547,470.875,10) (641.545,470.781,10) (644.544,470.687,10) (647.542,470.592,10) (650.541,470.497,10) (653.539,470.403,10) (656.538,470.309,10) (659.536,470.215,10) (662.535,470.12,10) (665.533,470.022,10) (668.532,469.926,10) (671.53,469.832,10) (674.528,469.733,10) (677.527,469.632,10) (680.525,469.527,10) (683.523,469.423,10) (686.521,469.321,10) (689.52,469.226,10) (692.519,469.137,10) (695.518,469.065,10) (698.517,469.003,10) (701.517,468.957,10) (704.517,468.934,10) (707.517,468.925,10) (710.516,468.953,10) (713.516,468.996,10) (716.515,469.063,10) (719.514,469.148,10) (722.513,469.245,10) (725.51,469.372,10) (728.507,469.516,10) (731.502,469.689,10) (734.494,469.905,10) (737.484,470.145,10) (740.468,470.454,10) (743.449,470.792,10) (746.424,471.183,10) (749.39,471.628,10) (752.353,472.101,10) (755.309,472.612,10) (758.267,473.113,10) (761.228,473.592,10) (764.197,474.021,10) (767.17,474.424,10) (770.152,474.757,10) (773.137,475.059,10) (776.127,475.302,10) (779.121,475.486,10) (782.117,475.64,10) (785.115,475.745,10) (788.114,475.844,10) (791.112,475.931,10) (794.112,475.99,10) (797.111,476.034,10) (800.111,476.055,10) (803.111,476.083,10) (806.111,476.123,10) (809.111,476.16,10) (812.11,476.196,10) (815.11,476.231,10) (818.11,476.273,10) (821.11,476.326,10) (824.109,476.358,10) (827.109,476.379,10) (830.109,476.387,10) (833.109,476.392,10) (836.109,476.391,10) (839.109,476.384,10) (842.109,476.373,10) (845.109,476.352,10) (848.109,476.312,10) (851.108,476.24,10) (854.107,476.15,10) (857.105,476.051,10) (860.102,475.926,10) (863.099,475.791,10) (866.095,475.636,10) (869.09,475.46,10) (872.084,475.273,10) (875.077,475.063,10) (878.069,474.845,10) (881.06,474.613,10) (884.05,474.365,10) (887.039,474.107,10) (890.025,473.821,10) (893.011,473.526,10) (895.994,473.21,10) (898.975,472.877,10) (901.956,472.533,10) (904.934,472.174,10) (907.912,471.81,10) (910.889,471.44,10) (913.865,471.065,10) (916.842,470.689,10) (919.818,470.312,10) (922.794,469.938,10) (925.771,469.566,10) (928.749,469.2,10) (931.727,468.838,10) (934.706,468.487,10) (937.686,468.141,10) (940.667,467.804,10) (943.65,467.477,10) (946.632,467.156,10) (949.617,466.849,10) (952.601,466.547,10) (955.587,466.253,10) (958.574,465.97,10) (961.561,465.692,10) (964.55,465.436,10) (967.54,465.189,10) (970,465,10) ]
                    }
                }
                {
                    Type : InstantEdge
                    ID : 3
                    Color : 0 0 0 1
                    Time : ExactFrame 0
                    LeftVertex : 0
                    RightVertex : 1
                    Geometry : 
                    {
                        Type : LinearSpline
                        NumVertices : 373
                        Vertices : [ (172,191,10) (174.996,190.844,10) (177.992,190.686,10) (180.987,190.524,10) (183.983,190.363,10) (186.979,190.203,10) (189.975,190.054,10) (192.972,189.907,10) (195.968,189.766,10) (198.965,189.625,10) (201.962,189.484,10) (204.958,189.341,10) (207.955,189.198,10) (210.951,189.055,10) (213.948,188.912,10) (216.944,188.769,10) (219.941,188.626,10) (222.938,188.483,10) (225.934,188.341,10) (228.931,188.199,10) (231.928,188.058,10) (234.924,187.919,10) (237.921,187.782,10) (240.918,187.648,10) (243.915,187.515,10) (246.912,187.382,10) (249.91,187.251,10) (252.907,187.12,10) (255.904,186.989,10) (258.901,186.858,10) (261.898,186.727,10) (264.895,186.596,10) (267.892,186.464,10) (270.889,186.333,10) (273.887,186.201,10) (276.884,186.069,10) (279.881,185.936,10) (282.878,185.804,10) (285.875,185.672,10) (288.872,185.539,10) (291.869,185.406,10) (294.866,185.272,10) (297.863,185.138,10) (300.86,185.004,10) (303.857,184.869,10) (306.854,184.733,10) (309.851,184.597,10) (312.848,184.46,10) (315.844,184.322,10) (318.841,184.183,10) (321.838,184.042,10) (324.835,183.901,10) (327.831,183.758,10) (330.828,183.614,10) (333.824,183.47,10) (336.821,183.324,10) (339.817,183.178,10) (342.814,183.03,10) (345.81,182.882,10) (348.806,182.732,10) (351.802,182.581,10) (354.799,182.429,10) (357.795,182.276,10) (360.791,182.12,10) (363.786,181.964,10) (366.782,181.806,10) (369.778,181.645,10) (372.774,181.483,10) (375.769,181.319,10) (378.765,181.153,10) (381.76,180.985,10) (384.755,180.814,10) (387.75,180.641,10) (390.745,180.465,10) (393.74,180.287,10) (396.734,180.105,10) (399.728,179.921,10) (402.723,179.735,10) (405.717,179.546,10) (408.711,179.356,10) (411.704,179.161,10) (414.698,178.965,10) (417.691,178.766,10) (420.684,178.565,10) (423.678,178.362,10) (426.67,178.155,10) (429.663,177.946,10) (432.656,177.734,10) (435.648,177.519,10) (438.64,177.302,10) (441.632,177.08,10) (444.623,176.856,10) (447.615,176.628,10) (450.606,176.396,10) (453.597,176.162,10) (456.587,175.922,10) (459.577,175.68,10) (462.567,175.433,10) (465.557,175.183,10) (468.546,174.929,10) (471.535,174.669,10) (474.523,174.406,10) (477.511,174.139,10) (480.499,173.869,10) (483.486,173.595,10) (486.473,173.316,10) (489.46,173.034,10) (492.447,172.748,10) (495.433,172.459,10) (498.418,172.167,10) (501.403,171.869,10) (504.388,171.567,10) (507.373,171.262,10) (510.357,170.952,10) (513.34,170.636,10) (516.322,170.308,10) (519.304,169.982,10) (522.286,169.655,10) (525.268,169.326,10) (528.25,168.993,10) (531.23,168.654,10) (534.211,168.313,10) (537.191,167.966,10) (540.17,167.616,10) (543.149,167.26,10) (546.127,166.899,10) (549.105,166.534,10) (552.082,166.163,10) (555.058,165.787,10) (558.034,165.406,10) (561.009,165.017,10) (563.983,164.624,10) (566.956,164.224,10) (569.929,163.819,10) (572.9,163.408,10) (575.871,162.989,10) (578.841,162.565,10) (581.81,162.134,10) (584.778,161.699,10) (587.745,161.256,10) (590.711,160.806,10) (593.677,160.352,10) (596.641,159.889,10) (599.604,159.421,10) (602.567,158.948,10) (605.528,158.472,10) (608.49,157.991,10) (611.45,157.507,10) (614.41,157.019,10) (617.37,156.527,10) (620.328,156.031,10) (623.287,155.531,10) (626.244,155.027,10) (629.201,154.522,10) (632.157,154.009,10) (635.112,153.49,10) (638.064,152.959,10) (641.018,152.433,10) (643.973,151.916,10) (646.928,151.398,10) (649.883,150.88,10) (652.838,150.361,10) (655.792,149.841,10) (658.747,149.32,10) (661.701,148.799,10) (664.655,148.276,10) (667.609,147.753,10) (670.563,147.229,10) (673.517,146.705,10) (676.471,146.18,10) (679.424,145.655,10) (682.378,145.13,10) (685.332,144.606,10) (688.286,144.082,10) (691.24,143.56,10) (694.194,143.037,10) (697.147,142.508,10) (700.101,141.983,10) (703.055,141.461,10) (706.014,140.964,10) (708.973,140.472,10) (711.934,139.988,10) (714.896,139.511,10) (717.858,139.04,10) (720.823,138.582,10) (723.789,138.13,10) (726.756,137.689,10) (729.725,137.259,10) (732.695,136.835,10) (735.668,136.429,10) (738.641,136.03,10) (741.616,135.643,10) (744.593,135.271,10) (747.571,134.909,10) (750.552,134.573,10) (753.534,134.246,10) (756.518,133.933,10) (759.503,133.636,10) (762.49,133.354,10) (765.479,133.103,10) (768.47,132.874,10) (771.464,132.679,10) (774.46,132.515,10) (777.456,132.375,10) (780.455,132.275,10) (783.454,132.2,10) (786.454,132.168,10) (789.454,132.173,10) (792.453,132.221,10) (795.451,132.335,10) (798.446,132.5,10) (801.437,132.735,10) (804.423,133.025,10) (807.403,133.374,10) (810.373,133.798,10) (813.336,134.266,10) (816.291,134.785,10) (819.241,135.331,10) (822.187,135.894,10) (825.133,136.464,10) (828.082,137.015,10) (831.037,137.528,10) (834,138.002,10) (836.972,138.41,10) (839.953,138.748,10) (842.939,139.035,10) (845.93,139.261,10) (848.925,139.445,10) (851.922,139.579,10) (854.92,139.677,10) (857.919,139.749,10) (860.919,139.799,10) (863.919,139.842,10) (866.919,139.865,10) (869.919,139.876,10) (872.919,139.876,10) (875.919,139.867,10) (878.919,139.852,10) (881.918,139.832,10) (884.918,139.809,10) (887.918,139.785,10) (890.918,139.759,10) (893.918,139.734,10) (896.918,139.714,10) (899.918,139.697,10) (902.918,139.682,10) (905.918,139.67,10) (908.918,139.66,10) (911.918,139.651,10) (914.918,139.642,10) (917.918,139.633,10) (920.918,139.621,10) (923.918,139.608,10) (926.918,139.6,10) (929.917,139.66,10) (932.91,139.865,10) (935.897,140.145,10) (938.88,140.462,10) (941.88,140.518,10) (944.88,140.531,10) (947.88,140.505,10) (950.879,140.487,10) (953.879,140.474,10) (956.877,140.602,10) (959.622,141.812,10) (961.169,144.383,10) (961.93,147.284,10) (962.301,150.261,10) (962.431,153.258,10) (962.504,156.258,10) (962.502,159.258,10) (962.526,162.258,10) (962.563,165.257,10) (962.615,168.257,10) (962.696,171.256,10) (962.813,174.253,10) (962.917,177.252,10) (963.025,180.25,10) (963.163,183.247,10) (963.299,186.243,10) (963.435,189.24,10) (963.575,192.237,10) (963.708,195.234,10) (963.816,198.232,10) (963.923,201.23,10) (964.031,204.228,10) (964.139,207.226,10) (964.24,210.225,10) (964.318,213.224,10) (964.39,216.223,10) (964.455,219.222,10) (964.512,222.222,10) (964.559,225.221,10) (964.588,228.221,10) (964.609,231.221,10) (964.617,234.221,10) (964.614,237.221,10) (964.6,240.221,10) (964.571,243.221,10) (964.534,246.221,10) (964.489,249.22,10) (964.438,252.22,10) (964.384,255.219,10) (964.326,258.219,10) (964.268,261.218,10) (964.214,264.218,10) (964.173,267.217,10) (964.144,270.217,10) (964.133,273.217,10) (964.135,276.217,10) (964.155,279.217,10) (964.194,282.217,10) (964.254,285.216,10) (964.341,288.215,10) (964.444,291.213,10) (964.573,294.211,10) (964.729,297.207,10) (964.911,300.201,10) (965.12,303.194,10) (965.339,306.186,10) (965.567,309.177,10) (965.798,312.168,10) (966.01,315.161,10) (966.187,318.155,10) (966.35,321.151,10) (966.521,324.146,10) (966.731,327.139,10) (966.988,330.128,10) (967.285,333.113,10) (967.565,336.1,10) (967.807,339.09,10) (968.003,342.084,10) (968.165,345.079,10) (968.293,348.077,10) (968.387,351.075,10) (968.458,354.074,10) (968.53,357.073,10) (968.596,360.073,10) (968.653,363.072,10) (968.707,366.072,10) (968.764,369.071,10) (968.83,372.07,10) (968.905,375.069,10) (968.987,378.068,10) (969.073,381.067,10) (969.164,384.066,10) (969.257,387.064,10) (969.351,390.063,10) (969.447,393.061,10) (969.544,396.06,10) (969.625,399.059,10) (969.682,402.058,10) (969.692,405.058,10) (969.666,408.058,10) (969.63,411.058,10) (969.591,414.057,10) (969.557,417.057,10) (969.526,420.057,10) (969.495,423.057,10) (969.462,426.057,10) (969.419,429.056,10) (969.367,432.056,10) (969.332,435.056,10) (969.349,438.056,10) (969.457,441.054,10) (969.655,444.047,10) (969.899,447.037,10) (970.056,450.033,10) (970.12,453.032,10) (970.11,456.032,10) (970.07,459.032,10) (970.034,462.032,10) (970,465,10) ]
                    }
                }
                {
                    Type : InstantVertex
                    ID : 0
                    Color : 0 0 1 1
                    Time : ExactFrame 0
                    Pos : (172,191)
                    Size : 17
                    TangentEdges :  [ ]
                }
                {
                    Type : InstantVertex
                    ID : 1
                    Color : 0 0 1 1
                    Time : ExactFrame 0
                    Pos : (970,465)
                    Size : 17
                    TangentEdges :  [ ]
                }
                {
                    Type : InstantEdge
                    ID : 6
                    Color : 0 0 0 1
                    Time : ExactFrame 0
                    LeftVertex : 4
                    RightVertex : 5
                    Geometry : 
                    {
                        Type : LinearSpline
                        NumVertices : 108
                        Vertices : [ (286,257,10) (285.584,259.971,10) (285.246,262.952,10) (285.064,265.946,10) (284.945,268.944,10) (284.857,271.943,10) (284.826,274.943,10) (284.808,277.942,10) (284.812,280.942,10) (284.837,283.942,10) (284.873,286.942,10) (284.939,289.941,10) (285.014,292.941,10) (285.103,295.939,10) (285.205,298.937,10) (285.312,301.936,10) (285.436,304.933,10) (285.562,307.93,10) (285.694,310.927,10) (285.83,313.924,10) (285.969,316.921,10) (286.109,319.918,10) (286.247,322.915,10) (286.382,325.912,10) (286.51,328.909,10) (286.636,331.906,10) (286.741,334.904,10) (286.837,337.903,10) (286.914,340.902,10) (286.966,343.901,10) (287.005,346.901,10) (286.996,349.901,10) (286.971,352.901,10) (286.914,355.901,10) (286.826,358.899,10) (286.723,361.897,10) (286.588,364.894,10) (286.44,367.891,10) (286.267,370.886,10) (286.048,373.878,10) (285.806,376.868,10) (285.483,379.851,10) (285.136,382.83,10) (284.744,385.805,10) (284.321,388.775,10) (283.883,391.743,10) (283.45,394.711,10) (283.061,397.686,10) (282.762,400.671,10) (282.858,403.669,10) (283.163,406.654,10) (284.908,409.094,10) (287.213,411.014,10) (290.106,411.808,10) (293.101,411.985,10) (296.099,411.882,10) (299.092,411.677,10) (302.086,411.487,10) (305.082,411.319,10) (308.076,411.134,10) (311.07,410.946,10) (314.066,410.798,10) (317.064,410.676,10) (320.063,410.594,10) (323.062,410.514,10) (326.061,410.436,10) (329.06,410.369,10) (332.059,410.277,10) (335.056,410.144,10) (338.053,410.015,10) (341.05,409.888,10) (344.048,409.771,10) (347.046,409.667,10) (350.045,409.585,10) (353.043,409.477,10) (356.041,409.358,10) (359.038,409.241,10) (362.036,409.126,10) (365.034,409.014,10) (368.032,408.906,10) (371.03,408.801,10) (374.029,408.702,10) (377.027,408.606,10) (380.026,408.516,10) (383.025,408.432,10) (386.024,408.351,10) (389.023,408.278,10) (392.022,408.209,10) (395.021,408.147,10) (398.021,408.092,10) (401.02,408.041,10) (404.02,408,10) (407.02,407.963,10) (410.02,407.933,10) (413.02,407.91,10) (416.019,407.89,10) (419.019,407.878,10) (422.019,407.87,10) (425.019,407.869,10) (428.019,407.873,10) (431.019,407.881,10) (434.019,407.896,10) (437.019,407.913,10) (440.019,407.934,10) (443.019,407.957,10) (446.019,407.979,10) (449.019,407.995,10) (450,408,10) ]
                    }
                }
                {
                    Type : InstantEdge
                    ID : 7
                    Color : 0 0 0 1
                    Time : ExactFrame 0
                    LeftVertex : 4
                    RightVertex : 5
                    Geometry : 
                    {
                        Type : LinearSpline
                        NumVertices : 104
                        Vertices : [ (286,257,10) (288.987,256.721,10) (291.978,256.49,10) (294.975,256.352,10) (297.975,256.304,10) (300.975,256.305,10) (303.973,256.402,10) (306.97,256.536,10) (309.965,256.715,10) (312.956,256.938,10) (315.946,257.187,10) (318.931,257.488,10) (321.912,257.824,10) (324.89,258.188,10) (327.864,258.582,10) (330.835,258.996,10) (333.802,259.438,10) (336.766,259.907,10) (339.726,260.39,10) (342.684,260.894,10) (345.639,261.413,10) (348.591,261.945,10) (351.54,262.497,10) (354.487,263.055,10) (357.434,263.621,10) (360.379,264.19,10) (363.324,264.76,10) (366.27,265.328,10) (369.219,265.88,10) (372.173,266.402,10) (375.135,266.878,10) (378.101,267.332,10) (381.082,267.665,10) (384.069,267.941,10) (387.064,268.126,10) (390.063,268.206,10) (393.063,268.223,10) (396.059,268.078,10) (399.049,267.83,10) (402.027,267.466,10) (404.985,266.967,10) (407.926,266.377,10) (410.832,265.63,10) (413.705,264.768,10) (416.557,263.837,10) (419.395,262.865,10) (422.234,261.896,10) (425.092,260.983,10) (427.979,260.166,10) (430.896,259.464,10) (433.848,258.932,10) (436.824,258.551,10) (439.769,259.121,10) (442.02,261.105,10) (443.59,263.661,10) (444.328,266.569,10) (444.734,269.541,10) (444.958,272.533,10) (445.04,275.532,10) (445.082,278.532,10) (445.091,281.532,10) (445.166,284.531,10) (445.255,287.529,10) (445.286,290.529,10) (445.333,293.529,10) (445.409,296.528,10) (445.515,299.526,10) (445.629,302.524,10) (445.708,305.523,10) (445.783,308.522,10) (445.856,311.521,10) (445.942,314.52,10) (446.034,317.518,10) (446.109,320.517,10) (446.18,323.516,10) (446.255,326.516,10) (446.335,329.514,10) (446.419,332.513,10) (446.511,335.512,10) (446.608,338.51,10) (446.706,341.509,10) (446.808,344.507,10) (446.913,347.505,10) (447.025,350.503,10) (447.145,353.501,10) (447.272,356.498,10) (447.407,359.495,10) (447.552,362.491,10) (447.708,365.487,10) (447.884,368.482,10) (448.073,371.476,10) (448.283,374.469,10) (448.518,377.46,10) (448.765,380.449,10) (449.01,383.439,10) (449.224,386.432,10) (449.387,389.427,10) (449.499,392.425,10) (449.59,395.424,10) (449.688,398.422,10) (449.785,401.421,10) (449.883,404.419,10) (449.981,407.417,10) (450,408,10) ]
                    }
                }
                {
                    Type : InstantVertex
                    ID : 4
                    Color : 0 0 1 1
                    Time : ExactFrame 0
                    Pos : (286,257)
                    Size : 17
                    TangentEdges :  [ ]
                }
                {
                    Type : InstantVertex
                    ID : 5
                    Color : 0 0 1 1
                    Time : ExactFrame 0
                    Pos : (450,408)
                    Size : 17
                    TangentEdges :  [ ]
                }
                {
                    Type : InstantEdge
                    ID : 10
                    Color : 0 0 0 1
                    Time : ExactFrame 0
                    LeftVertex : 8
                    RightVertex : 9
                    Geometry : 
                    {
                        Type : LinearSpline
                        NumVertices : 103
                        Vertices : [ (692,192,10) (690.051,194.281,10) (688.116,196.573,10) (686.208,198.888,10) (684.228,201.142,10) (682.213,203.365,10) (680.223,205.61,10) (678.231,207.853,10) (676.234,210.092,10) (674.233,212.327,10) (672.231,214.561,10) (670.229,216.796,10) (668.228,219.031,10) (666.228,221.266,10) (664.233,223.507,10) (662.242,225.751,10) (660.27,228.012,10) (658.299,230.274,10) (656.332,232.539,10) (654.352,234.792,10) (652.365,237.04,10) (650.324,239.239,10) (648.261,241.417,10) (646.154,243.552,10) (643.988,245.629,10) (641.795,247.675,10) (639.501,249.609,10) (637.178,251.507,10) (634.795,253.33,10) (632.353,255.072,10) (629.882,256.773,10) (627.35,258.383,10) (624.812,259.982,10) (622.261,261.56,10) (619.64,263.02,10) (616.986,264.419,10) (614.268,265.688,10) (612.593,268.177,10) (612.78,271.171,10) (613.202,274.142,10) (613.724,277.096,10) (614.254,280.049,10) (614.681,283.018,10) (614.968,286.004,10) (615.217,288.994,10) (615.508,291.98,10) (616.06,294.929,10) (616.866,297.818,10) (618.054,300.573,10) (619.571,303.162,10) (621.229,305.662,10) (622.936,308.128,10) (624.603,310.623,10) (626.207,313.158,10) (627.756,315.727,10) (629.264,318.321,10) (630.697,320.956,10) (632.103,323.606,10) (633.465,326.279,10) (634.77,328.98,10) (636.029,331.704,10) (637.187,334.471,10) (638.284,337.263,10) (639.281,340.093,10) (640.165,342.96,10) (640.972,345.849,10) (641.664,348.768,10) (642.314,351.697,10) (642.901,354.639,10) (643.447,357.589,10) (643.966,360.543,10) (644.453,363.504,10) (644.939,366.464,10) (645.422,369.425,10) (645.908,372.385,10) (646.419,375.342,10) (647.151,378.251,10) (648.698,380.821,10) (651.198,382.481,10) (654.157,382.974,10) (657.156,383.049,10) (660.155,382.981,10) (663.155,382.959,10) (666.155,382.976,10) (669.155,382.99,10) (672.155,382.999,10) (675.155,383,10) (678.155,383,10) (681.155,383,10) (684.155,383,10) (687.155,383,10) (690.155,383,10) (693.155,383,10) (696.155,383,10) (699.155,383,10) (702.155,383,10) (705.155,383,10) (708.155,383,10) (711.155,383,10) (714.155,383,10) (717.155,383,10) (720.155,383,10) (722,383,10) ]
                    }
                }
                {
                    Type : InstantEdge
                    ID : 11
                    Color : 0 0 0 1
                    Time : ExactFrame 0
                    LeftVertex : 8
                    RightVertex : 9
                    Geometry : 
                    {
                        Type : LinearSpline
                        NumVertices : 84
                        Vertices : [ (692,192,10) (694.024,194.214,10) (696.076,196.403,10) (698.183,198.539,10) (700.316,200.648,10) (702.464,202.742,10) (704.592,204.857,10) (706.693,206.998,10) (708.749,209.183,10) (710.753,211.416,10) (712.719,213.681,10) (714.646,215.98,10) (716.539,218.308,10) (718.412,220.651,10) (720.271,223.007,10) (722.135,225.357,10) (724.011,227.698,10) (725.921,230.011,10) (727.866,232.296,10) (729.872,234.527,10) (731.942,236.698,10) (734.045,238.837,10) (736.244,240.877,10) (738.476,242.882,10) (740.766,244.82,10) (743.087,246.721,10) (745.424,248.602,10) (747.79,250.446,10) (750.158,252.288,10) (752.509,254.152,10) (754.817,256.068,10) (757.086,258.031,10) (759.311,260.043,10) (761.509,262.085,10) (763.72,264.113,10) (765.994,266.07,10) (768.377,267.892,10) (770.91,269.5,10) (773.587,270.854,10) (775.477,273.184,10) (776.025,276.133,10) (775.789,279.124,10) (775.133,282.051,10) (774.08,284.86,10) (772.942,287.636,10) (771.701,290.368,10) (770.608,293.161,10) (769.614,295.992,10) (768.941,298.915,10) (768.383,301.863,10) (767.984,304.836,10) (767.575,307.808,10) (767.137,310.776,10) (766.61,313.73,10) (766.079,316.682,10) (765.599,319.643,10) (765.159,322.611,10) (764.738,325.581,10) (764.298,328.549,10) (763.78,331.504,10) (763.11,334.428,10) (762.223,337.294,10) (761.13,340.088,10) (759.859,342.805,10) (758.371,345.41,10) (756.791,347.961,10) (755.116,350.449,10) (753.438,352.936,10) (751.774,355.432,10) (750.174,357.97,10) (748.667,360.564,10) (747.31,363.24,10) (746.129,365.997,10) (745.035,368.791,10) (744.026,371.616,10) (742.733,374.323,10) (740.959,376.742,10) (738.452,378.39,10) (735.685,379.549,10) (732.773,380.27,10) (729.847,380.932,10) (726.918,381.584,10) (724.028,382.389,10) (722,383,10) ]
                    }
                }
                {
                    Type : InstantVertex
                    ID : 8
                    Color : 0 0 1 1
                    Time : ExactFrame 0
                    Pos : (692,192)
                    Size : 17
                    TangentEdges :  [ ]
                }
                {
                    Type : InstantVertex
                    ID : 9
                    Color : 0 0 1 1
                    Time : ExactFrame 0
                    Pos : (722,383)
                    Size : 17
                    TangentEdges :  [ ]
                }
                {
                    Type : InstantFace
                    ID : 14
                    Color : 0.333333 0.666667 0.498039 1
                    Time : ExactFrame 0
                    Cycles : [ -1 [ (13,1) ] ]
                }
                {
                    Type : InstantEdge
                    ID : 13
                    Color : 0 0 0 1
                    Time : ExactFrame 0
                    LeftVertex : -1
                    RightVertex : -1
                    Geometry : 
                    {
                        Type : LinearSpline
                        NumVertices : 160
                        Vertices : [ (446.402,127.409,10) (448.43,125.199,10) (450.475,123.003,10) (452.716,121.01,10) (454.958,119.016,10) (457.388,117.257,10) (459.85,115.543,10) (462.344,113.875,10) (464.89,112.289,10) (467.437,110.702,10) (470.011,109.162,10) (472.597,107.642,10) (475.184,106.122,10) (477.929,104.912,10) (480.684,103.725,10) (483.454,102.572,10) (486.304,101.635,10) (489.153,100.698,10) (492.017,99.8035,10) (494.899,98.9702,10) (497.781,98.137,10) (500.677,97.3557,10) (503.579,96.5928,10) (506.484,95.8435,10) (509.414,95.1995,10) (512.344,94.5556,10) (515.279,93.9358,10) (518.218,93.3318,10) (521.16,92.748,10) (524.12,92.259,10) (527.08,91.7701,10) (530.05,91.3435,10) (533.02,90.9253,10) (536.004,90.6151,10) (538.993,90.3504,10) (541.989,90.194,10) (544.988,90.2442,10) (547.956,90.6718,10) (550.864,91.3958,10) (553.64,92.5267,10) (556.279,93.9498,10) (558.748,95.6466,10) (560.987,97.6358,10) (562.914,99.9337,10) (564.467,102.501,10) (565.544,105.293,10) (566.189,108.208,10) (566.485,111.188,10) (566.5,114.188,10) (566.201,117.172,10) (565.748,120.136,10) (565.162,123.077,10) (564.466,125.995,10) (563.619,128.873,10) (562.686,131.724,10) (561.695,134.555,10) (560.641,137.363,10) (559.486,140.132,10) (558.322,142.897,10) (557.544,145.792,10) (557.386,148.773,10) (557.831,151.728,10) (558.791,154.561,10) (560.161,157.223,10) (561.862,159.691,10) (563.798,161.98,10) (565.914,164.106,10) (568.179,166.072,10) (570.548,167.913,10) (572.992,169.652,10) (575.479,171.328,10) (577.99,172.97,10) (580.498,174.616,10) (582.962,176.327,10) (585.336,178.161,10) (587.545,180.187,10) (589.485,182.468,10) (591.001,185.048,10) (591.821,187.921,10) (591.907,190.907,10) (591.371,193.849,10) (590.363,196.669,10) (589.083,199.38,10) (587.64,202.01,10) (586.106,204.587,10) (584.595,207.179,10) (583.223,209.846,10) (581.883,212.53,10) (580.305,215.077,10) (578.478,217.454,10) (576.477,219.687,10) (574.35,221.802,10) (572.141,223.831,10) (569.845,225.761,10) (567.505,227.639,10) (565.139,229.482,10) (562.747,231.294,10) (560.349,233.096,10) (557.935,234.877,10) (555.501,236.631,10) (553.027,238.328,10) (550.499,239.943,10) (547.93,241.491,10) (545.212,242.75,10) (542.378,243.73,10) (539.427,244.219,10) (536.434,244.394,10) (533.435,244.359,10) (530.47,243.94,10) (527.552,243.248,10) (524.717,242.275,10) (521.984,241.042,10) (519.346,239.617,10) (516.787,238.052,10) (514.282,236.401,10) (511.828,234.676,10) (509.407,232.904,10) (507.026,231.08,10) (504.673,229.219,10) (502.342,227.33,10) (500.036,225.412,10) (497.742,223.478,10) (495.471,221.518,10) (493.213,219.543,10) (490.978,217.541,10) (488.781,215.499,10) (486.596,213.443,10) (484.428,211.37,10) (482.274,209.281,10) (480.155,207.158,10) (478.148,204.93,10) (476.222,202.629,10) (474.324,200.306,10) (472.469,197.948,10) (470.652,195.562,10) (468.865,193.152,10) (467.175,190.674,10) (465.583,188.131,10) (464.022,185.569,10) (462.51,182.978,10) (461.072,180.346,10) (459.655,177.702,10) (458.267,175.042,10) (456.93,172.357,10) (455.614,169.661,10) (454.362,166.935,10) (453.23,164.157,10) (452.134,161.364,10) (451.073,158.558,10) (450.056,155.736,10) (449.08,152.899,10) (448.203,150.03,10) (447.389,147.143,10) (446.627,144.242,10) (445.927,141.325,10) (445.302,138.391,10) (444.876,135.422,10) (444.983,132.434,10) (445.692,129.528,10) (446.402,127.409,10) ]
                    }
                }
                {
                    Type : InstantEdge
                    ID : 15
                    Color : 0.333333 0.666667 0.498039 1
                    Time : ExactFrame 0
                    LeftVertex : -1
                    RightVertex : -1
                    Geometry : 
                    {
                        Type : LinearSpline
                        NumVertices : 43
                        Vertices : [ (354,306,10) (350.581,309.693,10) (347.269,313.481,10) (343.87,317.192,10) (340.393,320.832,10) (336.792,324.351,10) (333.055,327.727,10) (329.21,330.981,10) (325.326,334.188,10) (321.61,337.586,10) (319.653,342.201,10) (320.912,347.022,10) (324.137,350.8,10) (327.905,354.03,10) (331.862,357.022,10) (335.9,359.903,10) (339.899,362.838,10) (343.826,365.872,10) (347.704,368.966,10) (351.973,371.463,10) (356.904,371.494,10) (361.213,369.05,10) (364.86,365.685,10) (368.177,361.987,10) (371.277,358.103,10) (374.129,354.031,10) (376.834,349.857,10) (379.431,345.615,10) (381.862,341.273,10) (384.199,336.878,10) (386.417,332.422,10) (388.461,327.881,10) (390.222,323.223,10) (390.994,318.327,10) (388.929,313.844,10) (384.488,311.474,10) (379.647,310.051,10) (374.745,308.847,10) (369.835,307.685,10) (364.842,306.943,10) (359.821,306.423,10) (354.792,305.997,10) (354,306,10) ]
                    }
                }
            ]
        }
    ]
}